884859
916992
669969
894571
104185
741559
809714
417475
862722
899191
815901
825099
341424
911097
684268
910325
895110
420194
172162
271557
890779
921889
597605
910580
862767
809730
912807
362960
153785
563544
579082
294778
711445
742099
455015
114460
800990
773407
798634
910962
769372
886734
491793
849477
889683
396694
914037
463923
233157
837218
666749
891425
167691
337403
698867
643659
807025
830868
892770
848067
860168
569724
924661
759511
817994
182673
804477
915281
926542
774162
919478
842656
721854
928213
383103
107751
920510
852560
917741
929565
567217
891876
677893
467109
810356
503289
364478
717010
926585
43314
932420
796273
281312
477887
923937
345295
712765
254512
851263
764619
740438
933092
879554
801366
446713
819979
918941
354718
773874
902684
401428
745395
910048
667835
367047
734205
692302
596228
913170
548352
682844
593095
515995
771291
378176
464499
694804
876498
617335
919930
684973
848381
467409
79723
632126
600536
419782
869482
164809
271055
790542
927460
266315
636526
748325
304216
712095
941370
931435
227764
939127
914636
922844
931497
599899
573630
660606
910260
785635
704472
935810
280933
704249
878980
906713
651516
939139
935317
410803
571656
909988
795095
585465
614039
940331
572271
651037
390002
925566
810270
871134
822544
946585
821370
927895
895486
636791
352049
874040
869167
947370
715260
864453
923656
480608
425880
900204
548055
869591
917589
948305
889256
846963
704504
795632
115433
936107
906767
951973
789658
812445
497782
820861
419630
933186
771677
883010
337084
658989
551579
892005
778688
362226
945230
886977
633693
783393
802105
830506
467587
236451
876579
643868
407345
753210
559003
859621
953414
669148
956439
914488
860347
960607
343825
288125
679548
766621
289146
958349
954640
237166
307192
546850
945783
942657
818652
857874
703084
690180
957366
381193
766832
946917
960106
957686
912160
598093
948972
486062
238243
843431
830072
837891
444106
951972
944552
622709
385668
968284
796579
808748
917678
965122
757858
939334
942218
794321
923593
932254
652277
825768
795540
883054
907479
277635
683878
706678
962868
969780
463146
943828
707745
861051
682222
881089
940864
351418
787508
851971
478845
828443
869749
801812
831669
715891
615149
406456
473981
871132
717787
325070
595105
697181
585581
467763
646106
709130
308716
822978
885601
899202
846480
647454
879939
254528
387602
436806
649059
574558
845050
518321
699062
861693
842964
754742
928727
297628
910164
928356
525916
918561
763149
757247
622837
359666
907111
895455
559637
569339
866070
661404
865431
546831
663487
782756
792610
758535
299311
928155
634564
914953
568480
546740
307863
725818
900625
453173
398010
875674
855069
334894
821609
761805
358496
935656
660730
814061
854881
908787
834983
185837
508419
852461
613096
839033
357987
644482
863510
809010
854321
788058
675296
917827
939041
367313
837696
935616
862345
798784
418931
726138
934869
403401
860175
697733
661572
873250
763060
867065
171537
390647
678280
931253
95169
895596
768306
640614
627037
709900
889859
804870
916247
957275
940803
319222
56650
961102
869142
909794
792001
80142
945849
940661
855051
957293
945354
718111
480324
935384
935627
740637
337788
766188
952615
947756
783557
966341
968279
948003
433374
397455
948143
723555
74047
958405
662397
392220
912731
373976
970840
900517
738385
971324
882713
948154
962027
571675
890707
566943
966708
970290
871422
300903
958721
917148
288170
878143
723915
913195
855697
769653
704288
718412
388002
766859
902579
825604
683154
267662
861885
925210
711658
826920
169458
731150
551889
922201
587463
853387
669016
668902
581070
921186
781158
933212
392926
694112
913732
665044
884826
301361
450199
859565
909055
898498
520306
897068
707693
929793
895810
746321
937873
934512
900140
771193
462952
408175
770656
654903
582797
264142
496930
941250
855796
899889
794818
946390
925334
558511
696442
952193
937974
481065
947174
628000
955071
852897
698158
401377
257432
956827
461384
954472
91501
955360
938850
605982
926612
832229
676875
703148
347565
852417
390309
900788
738336
770034
930061
927618
949663
966196
938531
271855
239592
349671
452631
259570
824815
955700
847792
924601
967706
738419
956066
964143
568356
740338
913662
909295
819232
914503
870873
799273
920732
862604
776474
790056
821364
380869
765215
740623
795061
769875
292938
867166
659888
700999
455483
409819
694428
324670
927341
889726
899788
928115
446871
586365
823269
455598
713750
380867
114560
934669
270180
359761
897728
891114
927582
949977
943954
828513
953236
605073
615421
953136
707048
791522
320192
941268
490012
850300
681154
826076
414339
425627
419089
503571
807737
643646
957565
377584
447647
824679
940823
929589
970358
874331
545963
969313
690786
967740
961284
943310
796605
699474
937803
946607
253970
587520
798485
745241
879454
913189
475796
864932
448878
837365
441358
914609
843645
917061
811296
701859
385533
892140
272563
695112
629042
935261
579764
917272
932826
667501
297357
947588
704447
912609
948405
388545
632707
934161
940596
626080
655206
950685
924922
956962
891996
603851
712324
941875
794843
956758
962820
781040
925514
940809
949637
888351
421106
935341
729462
941947
598332
806606
965347
828381
944969
958020
644610
969037
935949
324287
921825
693536
700877
954143
852198
966371
844670
967004
545511
884116
649806
841333
376405
720948
445677
891984
914219
709032
877308
304273
601459
730425
813949
886321
646670
835745
785572
764556
931716
903340
487955
875644
231389
836628
718476
942598
945167
951382
638173
954353
955696
957966
956627
958075
773755
703234
955629
805141
872781
683323
827289
519651
961975
741003
961372
970451
798668
805344
962081
447847
853336
696972
843134
782484
885709
276559
917281
918580
643560
655786
827856
709208
731294
609748
924413
897758
861471
940564
39400
907251
580123
940611
460015
578299
179958
722799
949534
638880
938378
708891
702396
753208
858690
391292
955235
954323
879811
912341
958785
938121
957409
950297
653396
961126
901958
843573
848187
158981
803114
844982
870675
901811
861573
922838
823289
859561
771147
676580
621994
784276
889253
454210
728112
947674
277712
114750
157167
693606
926381
895935
956671
967073
859669
675503
965360
562511
971025
787148
397163
297411
404487
498882
901197
184199
888653
865503
371660
407962
515718
880447
663546
631163
573396
824881
777505
694974
23146
115431
760458
915045
852507
687427
334775
913093
518168
359229
875468
395298
689720
287043
761947
511557
878160
483533
436334
918367
649414
901795
765003
578708
884861
574625
919664
923695
862758
909673
820658
825647
581573
711258
342904
912942
671260
556853
688904
555841
918038
898383
451290
926802
649335
706626
829481
913642
351688
905944
899708
869090
645102
767033
823568
912279
928404
292952
874886
875458
847632
435248
757078
190553
784927
574201
912024
819799
830306
590552
894205
887762
466792
256201
71680
506547
277223
885193
773807
694295
916922
901467
929105
723894
650417
887671
900906
657675
39005
752989
819512
792639
855450
835209
723385
933454
789114
899912
486816
661675
661905
719471
83634
754275
215503
115471
931158
653740
871026
924118
580436
932640
858551
284059
669555
687391
646915
684742
361762
633759
641427
838304
859237
876609
827941
177114
475558
892401
887861
318614
886579
787909
822308
829742
626676
924340
833002
769091
345673
792619
914509
733120
735333
891977
822810
738874
813965
507581
941056
263213
693677
401612
920863
564094
916641
611530
650053
587776
471741
66082
884396
639909
882253
842206
329791
913003
644681
944115
934057
854853
668426
599986
929148
902315
354063
353816
842844
782173
197987
671545
944857
921980
910501
708576
639429
187065
937860
884002
725257
469763
867312
489377
662535
814299
565754
917126
946579
924960
877073
850860
777638
422228
941553
934303
892329
302147
743269
705078
732010
326341
709343
945170
567737
652713
743665
768321
368611
909771
778776
942575
499232
611423
404620
825577
943860
619176
808011
286293
906513
924621
159316
907415
393473
727153
923117
647056
909367
661216
643377
666018
871333
873225
942839
943171
935792
680449
701164
796868
486404
949520
936927
768578
958600
289601
957765
868141
448433
933879
509164
885204
911878
341611
912932
660610
942000
477632
565949
956204
860741
938552
877797
814254
622425
857576
645967
762674
967168
515858
652868
940565
702670
963056
656467
851874
894410
951639
954276
885573
968923
899815
885648
930986
313544
578701
958022
939893
712615
924235
273142
732319
874417
819659
964111
330206
254445
844870
972952
549994
945800
341649
88658
855851
265023
971707
789864
326004
858891
680550
333444
909033
659845
558734
919114
857795
777952
886708
499766
886963
350100
920819
748556
907354
384654
813084
915104
657020
828649
870212
912984
875756
834957
481284
404350
903752
595130
831261
859045
162930
792851
632635
821368
911466
915248
707140
471205
411230
813515
850575
837385
503374
608412
920254
834395
818951
758552
924269
909527
884948
859311
898308
703058
913786
552859
917354
929127
931832
855759
906151
246677
780870
363625
866114
370210
404945
482404
916657
820429
933002
482529
775631
155493
923401
903354
840127
932564
888248
664386
936961
895495
914519
918925
19229
822021
782733
884887
82655
799204
164126
391276
875393
819442
510229
875313
771474
866531
938534
446670
870549
935125
810130
772965
890656
690800
946592
195027
448218
919246
927778
946667
936679
949091
945818
632439
944547
818382
610840
882501
954079
688621
825294
882046
946318
799930
950021
931638
863847
790466
822918
957980
950224
396962
955345
760617
876361
946781
882224
896279
740238
533300
125969
660185
773824
682134
889250
930370
584296
831729
627392
951231
657878
882749
285987
936878
682726
475986
965148
932642
683738
904134
961200
925998
945863
434670
937832
661425
742342
970103
943224
591969
866753
970335
958792
938302
877925
537973
720400
156761
930083
585649
292321
903835
746197
519587
284331
777190
660607
674714
494372
899514
467594
814303
790987
902991
446065
888354
921316
722897
839067
433652
830877
823403
672500
855680
412225
469724
652603
266428
660908
442927
896572
886138
467721
798606
889001
904958
621603
876956
910544
930603
900433
924668
856913
348137
606516
925302
889884
921479
796016
889039
869377
908705
665416
892214
441725
873242
799524
451358
555394
940772
868005
843174
633392
765269
746640
760371
650685
852345
586243
350714
705054
690880
899233
817332
785157
748027
827172
673935
810007
581681
885133
605212
954734
949152
877104
962999
828632
770287
959930
955987
957303
949930
943962
482099
938099
379704
726278
952075
905479
974539
418839
674066
916478
182571
641703
885055
462049
898168
868664
883367
450782
354872
162963
876880
817418
687557
819222
918759
796576
928611
490963
683139
406183
888631
452581
298241
824607
913699
761081
799037
871450
907472
810376
931998
890374
913501
661368
465724
289903
891706
767126
947580
946886
604433
767982
888568
806972
881943
940146
909689
936830
416171
393930
725453
942700
618544
952703
767600
949179
576660
651933
895018
838371
961404
957690
934314
725560
957896
391648
861570
928736
458688
949404
929824
670885
857838
591245
971140
906406
652043
955669
228277
407620
185825
907450
728318
889214
815612
852591
589505
469650
122312
840315
645980
871295
926774
643415
716786
646823
279207
895014
727517
524602
832155
942880
779105
553056
313241
443094
907213
428699
707389
948056
767862
939144
583944
932076
673876
800569
954683
456217
769933
297150
960274
965834
874866
947587
609669
700710
161331
447915
973620
975282
835851
891807
901082
766215
915863
837139
658000
200336
582973
628247
634201
793782
603240
932507
385399
887260
907951
763529
713882
885930
933846
187241
902416
781513
822584
847730
666698
940664
950260
952531
707780
646694
642616
939232
661869
849124
958053
397299
762077
962668
952744
966557
954891
973270
970397
952990
917213
821206
419537
814981
908308
818140
855839
616622
831256
919556
911832
808834
904480
801507
902664
874717
258133
920372
795691
914534
774718
631029
917414
390478
864255
943583
881335
950180
126328
841518
947959
961094
906534
960040
871183
871470
719747
104587
957534
968046
964377
645906
685774
649090
806897
931272
930790
873266
694987
936227
946765
383317
411469
947847
950738
703497
830085
829716
953714
945765
862407
963434
967628
409871
641740
913087
933434
561718
872234
562130
547476
916606
707085
869990
580771
474585
868522
758935
885712
776569
859103
343494
230491
859488
872693
566297
920973
302284
601888
895809
457809
629345
441376
748374
555021
572570
474368
415731
380780
691287
593282
377923
696809
874955
681656
794250
242804
691402
811428
857054
908175
921652
870631
519736
851354
908837
894053
870516
815627
691731
786583
166700
835321
689607
907637
907322
689001
286849
871873
816628
914299
674653
206459
924629
253915
922948
596281
784751
918110
761856
843059
605473
610141
926508
423027
618190
637185
639831
467995
798677
394101
749615
787223
907482
803475
919815
913151
743067
637397
663950
350159
818222
779169
905056
912774
361723
63847
486322
359261
916982
280884
658228
918278
821230
321122
352693
881985
824982
934089
766507
378163
456657
853889
292641
843545
892070
933057
885578
628724
894141
934644
429444
646209
848791
363973
899432
107337
550283
384681
646786
868623
915464
749609
319600
332855
361328
856764
705853
662965
445986
713915
718781
832680
924820
472617
904177
656935
935286
879029
892698
610083
669006
889065
918035
822095
891127
930194
676991
871080
938288
601932
830654
939468
936532
378258
771826
688014
930694
837339
935868
211358
934302
919622
259900
393572
939349
679531
766932
719999
507544
809444
910809
660979
665927
934004
642108
909625
425618
883184
942109
925880
792854
930676
683659
917054
911152
884342
935250
834948
335990
944497
719032
813027
365110
943268
889447
716765
396098
770091
637747
938478
405508
278895
930871
939037
912947
550754
908159
913629
399265
948002
450051
943624
946120
804291
331308
699894
895359
373930
812450
745716
285835
740473
763064
867034
888608
941736
638861
820675
882014
573600
926384
578141
379067
773325
891610
428898
269209
939898
559892
425625
337572
752946
937302
559853
929872
844369
291129
830716
945688
913566
952634
348398
914851
736897
948098
940431
640848
653203
822465
344860
475862
383194
286738
577704
930545
744087
959409
780786
480887
878795
815340
889336
623708
818871
774302
441934
578265
292587
877539
703003
707281
771748
956986
770681
730372
861695
551351
48663
793346
903137
940338
801486
867764
960089
960888
918641
934941
794884
321558
914977
803102
70580
905235
954955
814079
621173
958188
958503
507547
813696
438437
874859
378949
400307
261653
310635
863033
373727
765811
803950
861267
671428
929380
924927
443281
972603
756973
948525
823439
968856
940285
970029
956682
582188
909479
900798
770967
906412
581015
698436
790474
395954
841424
175418
900583
851065
912516
84974
597929
848148
888745
902818
877269
773328
923495
461128
801257
516903
917335
765937
810736
812494
723459
622749
858249
398643
455040
807989
909149
881793
177256
397063
663977
792198
643087
859098
587797
558487
728976
717681
663118
590583
796212
287541
557215
899868
732511
887647
925456
509364
869350
876577
693512
905567
690253
510552
862825
919910
265662
924438
906549
888165
904244
373733
883430
830247
651335
615505
922589
414946
785062
930014
722937
737955
828804
811460
868015
380458
729879
936928
705338
938384
920685
478579
337879
306298
710944
876840
841870
805007
571859
898469
944294
507422
944405
852945
940264
848965
568229
664256
667536
716812
911227
931197
226500
945778
935415
616101
555401
885684
904448
857022
950655
363406
950948
928795
572588
663658
726756
846154
942783
895224
260732
916078
917274
853422
928742
235361
951025
833597
908101
800949
952734
153483
951764
945114
887285
954170
815682
942831
954794
944189
761696
940554
958510
853397
744927
946848
409072
946860
512184
566670
797170
756106
960893
860377
790082
961979
641658
213309
956406
899290
260226
903796
959327
964551
915469
964669
928780
939378
732662
319994
757088
930291
963762
383094
749969
942971
401850
651311
811525
970068
679846
110188
973786
431927
635756
954689
228809
960067
930086
856540
625098
637556
323870
716420
713682
808883
661897
816739
705776
736924
852733
340687
669940
869622
743363
830617
922580
924863
822079
569542
783486
69611
615999
616249
809005
361581
816578
872704
395841
922416
498160
801474
775706
409474
874433
590955
930878
894098
923766
794645
329421
762353
431503
861425
344935
628530
615094
795401
856360
926488
524184
844859
609738
900549
584750
720297
645221
691365
582915
736649
920231
939706
456207
918461
719862
188129
638248
940740
675678
815536
933252
642119
394139
853804
813594
928782
422379
944410
832766
603187
555529
290445
616033
275465
354551
941887
806127
238332
286210
779925
794353
684310
943495
941275
629447
945303
947197
844080
597890
939327
777270
811338
717699
944515
933857
961345
928312
964199
943714
700084
904691
893029
955027
901435
968950
902603
743274
739647
558890
969527
834924
774403
380640
845004
706113
370756
949137
625468
960030
967992
305104
962122
920136
706751
797182
796133
493464
550229
831185
691718
892229
848566
687796
925009
620483
870339
718234
917366
920529
869448
887248
856840
722565
280459
913446
896383
306279
935917
895608
324649
854512
903617
834704
859275
178407
710424
371444
925824
286235
932058
306225
934922
602981
816697
819249
929230
940807
507517
940863
854319
775797
880083
594743
766380
947122
712143
745321
945350
846362
390101
905383
781601
806781
407831
856894
630934
814936
830613
467937
908514
636428
951928
945540
695137
462034
893663
735730
935723
959954
959622
616382
380278
961134
87080
837920
651637
857816
969041
609313
614824
971989
752495
411303
970093
899646
919707
557679
712768
917157
843700
274032
854538
733700
903871
782724
682103
874192
447860
813382
864130
887697
733313
468918
638695
457989
384550
928629
874247
737893
927340
890603
889226
171629
619291
936390
873824
271404
765244
672843
657669
700092
921643
953910
666581
742346
909565
935758
294371
944340
301533
956973
407109
962480
344296
701904
945791
936264
530455
899246
282358
890670
898117
904250
893384
909629
485139
436111
772827
902196
921824
870541
924987
869175
817929
925651
908895
376231
802349
564428
789173
890983
871522
550357
935725
721112
837630
177368
803431
930799
948137
937248
949900
802733
871363
664316
278635
601613
647699
671011
566879
660048
964866
854694
898720
213638
936335
955850
928615
493313
761725
844713
343789
584944
628066
829628
900129
451311
787596
651893
685849
825015
757580
840344
924451
926883
108677
923077
250284
314657
923822
665552
845443
937031
942262
941203
791447
807834
162978
570506
861738
669456
758783
956332
958451
957803
961203
956255
629837
953295
962224
886484
634245
595907
812530
963955
888955
822205
928869
860282
930757
892130
929949
801974
944691
618973
953307
954474
957355
586511
960589
815631
889809
712531
942328
463180
964716
966271
961466
602976
971939
831883
852944
631263
846981
508182
457214
861301
914910
680125
806872
693191
248659
918926
423741
446979
657957
350952
709983
525856
397674
498132
122864
789259
836993
795772
465519
381625
355932
662318
832372
259728
886510
164802
904281
898228
463996
120439
465101
631615
815804
690220
809489
905216
835369
420624
859173
846142
780435
411358
374124
679943
905917
891620
865067
826361
434823
614752
849411
375311
787257
812067
925720
666148
847855
798702
672739
837226
465465
886324
764165
847134
750607
895722
905572
400359
922853
906149
653484
229995
903355
909586
919749
902925
756412
886636
434558
819982
679353
919558
913646
928980
850659
859070
925192
646916
677737
930229
649242
923759
755937
847640
753965
90147
904793
929468
852547
596826
719865
929915
926815
934184
687597
11749
802799
643300
584896
802708
867827
885966
728421
774693
912101
861234
746744
716769
904022
858148
573849
420514
888707
390061
932065
894038
932433
908693
445614
914262
917874
847281
936056
763891
827505
509804
706844
919043
924288
403737
781502
94685
813512
768043
886994
471259
839647
731591
676308
539328
745999
322932
698674
99396
586301
888463
933373
874416
477188
647333
938172
437023
348307
859681
442671
522240
709116
456438
845915
552901
812403
563958
889320
854057
639258
460896
865278
890919
940920
505177
911849
916748
910439
941092
897483
827687
784094
819009
943788
620107
947095
912567
910815
482024
400727
554765
948120
646489
172365
584282
460111
240729
924273
37911
826026
685614
642658
950029
805278
643585
898789
745601
612256
924307
946771
548145
940997
731331
464939
888837
794697
939896
758310
898360
877307
952645
351574
783699
425282
398223
268955
881668
754978
696049
136028
834667
748022
787838
953450
957008
295113
41274
231914
926553
303352
947803
563069
780482
927664
924771
460830
960323
882702
954274
641264
954302
895622
311196
641901
402818
487569
307605
557383
669714
890954
553697
282139
844167
917349
459169
437020
659016
714504
197350
850391
898120
619981
939668
842279
561240
314414
882538
401761
846742
867325
940762
797883
729577
908678
277443
924739
559698
942182
99347
702485
945650
728494
885280
649601
892589
952602
678520
406547
328013
960259
735302
837393
908210
880507
757255
878506
883898
317868
951661
965342
468524
582344
649795
781344
960276
793770
684480
297021
758306
933067
689894
739125
667108
879910
348059
914311
916687
323104
563668
348970
790704
914913
492557
570904
870155
906253
765038
526392
570937
493543
673342
233588
895827
786196
883631
785837
504387
918201
876060
852527
924322
903838
825094
822009
330077
827530
625219
829931
876545
926117
468526
476959
854681
255995
664139
324650
923825
376027
779240
656112
746270
740578
913045
882043
895375
853320
758196
928083
914385
718321
157312
927107
900380
921753
923202
921778
590269
452070
857939
934570
487375
922410
870607
938201
864917
935846
396504
710525
918983
93669
412094
917096
416384
895420
812905
809611
426660
510778
471116
584301
745939
605380
848218
869801
787834
935674
265664
943488
617667
446843
940268
702214
485818
924738
604235
747801
923726
853057
730434
755201
942231
712857
935377
442650
917408
388761
576171
707149
370835
941957
684114
839842
948863
920637
680573
847981
430960
910297
722520
570522
918260
697296
76595
906136
445717
915220
930646
936037
791685
654033
938906
956304
935031
946651
603177
447114
604251
708103
551666
952938
919946
455254
779256
851216
954885
960473
670039
954916
959825
957319
956121
804936
339613
837739
418040
938451
700067
890350
878438
583055
917099
746708
638292
949244
339825
781627
121093
952838
963497
965135
828202
877111
969099
956681
199419
957922
960828
718253
416180
967856
950755
373517
899469
936087
959077
901131
628368
551924
954473
238790
429040
324875
880988
876359
866844
407242
437578
869063
699847
844657
410836
922063
671945
833719
562010
187576
765369
898716
887506
584149
843849
876841
904096
883861
314276
341047
922865
930389
425857
434659
674516
799401
872769
415819
502992
402118
748975
921050
906581
936034
927522
892374
673071
700243
374070
721866
922332
503844
859468
932224
718745
885480
472702
819461
769579
903559
821414
443691
858408
622149
603129
720352
903546
320445
943481
421990
797031
937849
646901
936541
930810
947640
700374
881827
934419
860753
941311
562559
948890
950769
949334
940795
921647
937391
926214
238181
746656
946520
625831
946035
423363
914961
795742
695111
813547
433120
957060
777435
865846
831866
547875
606543
951424
48878
958907
919800
937987
905818
453147
692677
910078
227863
683758
738392
969635
857617
954150
681694
596683
971793
752436
647413
695115
967319
91424
355306
236983
723927
903307
714807
864216
642753
856721
754615
915550
859175
894949
541743
744243
898134
910778
414726
770473
918494
729648
902417
829495
621048
741154
390006
720019
844132
885516
851258
730074
883416
934183
532344
922217
926380
933356
937751
906642
434332
880172
886859
803474
940237
873727
763881
927474
779340
784700
818138
393463
887757
826204
675922
945378
919456
911412
922562
484623
662392
778940
469503
946590
938226
953514
882972
657804
904929
676855
957496
937062
842102
863233
696482
772019
926103
791706
757262
956685
955114
963459
364838
907160
189607
436811
685882
871290
884397
823572
890251
855813
861382
743043
818765
639621
849491
922712
867687
923997
925363
888015
310842
629442
924814
936232
815782
780460
333588
758022
930308
714770
493120
901841
880919
943267
942931
773799
419288
440523
951930
799367
953046
662505
551821
744503
585493
951475
857476
965937
965500
337103
101722
477807
670792
830413
620032
613651
918908
908912
18110
494025
928556
922209
925029
473772
675163
922464
812448
734029
192225
896450
267023
936457
343128
319992
868107
703174
936126
654887
940556
756346
714890
781730
864154
748571
951978
944716
652478
800007
879903
954255
955739
953956
953654
925999
435259
234605
947260
901425
647199
956132
962241
635207
780791
893976
954574
667324
972293
965045
930119
740681
845038
899627
634354
833919
920300
928082
780718
926437
628508
914351
663369
587320
485778
806446
864207
457278
708792
715822
941840
942202
872279
946705
925160
887911
946750
292113
954971
954493
941942
954447
955357
918879
960366
846694
967424
966467
967149
967898
132672
486408
912915
184186
458801
867694
194333
722966
403937
929051
919848
591911
929293
390895
928048
932727
782603
936058
243890
671126
166853
942133
739687
870428
817619
458649
744368
946304
578698
942777
945584
953757
958492
951035
823693
697318
953768
777322
236971
970721
962294
632134
586116
728236
467045
734792
903007
520042
787241
759129
478580
899971
871093
322444
882303
769302
859765
862318
840264
661925
872515
853214
756389
737537
887722
795178
874042
868837
727115
632525
280602
368464
753800
431091
301465
866693
916692
827159
315505
921253
913064
905760
357818
632470
812988
300893
696031
297633
925353
436367
687225
769134
513440
468687
905504
632151
899652
727667
915870
925300
673613
899411
451190
756738
797863
856752
806443
920153
920776
245727
912226
355350
812674
909731
817776
585192
702800
775232
631473
669208
96976
578430
434669
645534
879065
874533
885070
357366
877825
801384
920035
336905
674276
371995
336652
614302
847011
306959
915170
807337
519444
918690
703863
722023
878200
859046
796060
809139
373198
856471
907842
900889
462256
693882
638216
886503
816024
627091
730584
476069
915005
674154
893317
336581
541984
731810
830376
801213
753463
698501
782997
838403
319278
345891
318268
73925
919962
898070
726440
897157
826834
606492
380434
807711
726587
933881
858209
245648
695034
934890
935697
42266
858115
882595
416481
926209
400362
806207
940558
717488
340355
808340
884505
879073
572094
918351
880711
938946
940622
796850
352139
716165
935931
895921
930326
904729
407032
919014
739128
923929
797437
901551
394896
915766
890012
936365
479349
871961
900976
926655
927526
908107
673699
811531
644727
593196
920593
673398
538645
736701
575465
890735
371713
902958
689233
562277
680684
941425
939908
889865
887124
902884
906917
868881
663435
950689
905518
949827
462978
599796
947773
917009
887800
493039
880699
374275
824568
907746
952832
347132
933503
851441
918150
872442
921733
640944
168672
492417
641183
855980
940189
796541
786781
668057
613606
579273
939582
455898
948642
875256
945757
928566
958091
893105
890438
922861
659745
884761
914599
727246
947118
941139
621733
918100
617036
645044
941258
483626
952364
961780
640970
77106
813038
852970
878700
812532
964156
948734
698179
872535
958610
367775
900916
960863
688702
918043
614072
957954
306169
622588
520162
729884
430233
962775
851020
810325
733877
724225
459049
936304
917910
935567
439711
965363
910668
804811
787606
951282
415245
738353
841791
760782
953490
725985
798299
431341
926589
805300
572133
810040
653264
890616
825108
845044
422265
796486
920198
846916
701131
654661
385942
888723
741463
783940
667194
792615
973550
915528
948206
754323
967372
899435
390692
974950
600523
882959
779689
646840
860620
836386
854880
908430
911920
684837
914076
232709
683493
318926
744843
864888
866163
888427
452319
594019
684092
599440
655114
840990
650062
904500
720446
898081
844271
219187
558989
400640
754299
705594
249854
399263
815990
880123
785408
743615
846508
892727
890780
854847
822154
873950
287294
356256
616477
347895
623810
503391
911446
309258
910214
890130
781411
910582
867741
373273
891096
670335
413895
904595
931118
609083
803990
825425
661543
911180
933571
849069
842774
879426
870289
903935
440516
825122
907997
467004
930718
750620
228620
844585
243474
770505
939345
233567
486903
411794
732306
843865
563053
937906
913200
627498
719145
918175
691216
894541
462521
428137
869652
889129
648100
870141
907361
925497
499845
828681
931589
940099
939987
945071
327654
900271
655507
359949
920696
947966
631365
905497
945415
899351
632921
915727
824170
766660
894408
835873
830377
812993
654553
841839
935303
886203
948042
841289
955557
884490
952586
662626
957604
815725
951850
842296
961063
920486
778975
925773
963378
880704
881872
795230
854476
960454
886453
823734
331516
613527
951644
455601
421209
477663
963820
474780
381237
615952
969210
773692
657063
889243
939882
953835
783422
961706
655011
964698
623527
973081
969741
971862
899391
975999
960925
766662
969117
946635
969469
865267
407710
799978
821687
61357
605081
896576
550454
756320
254205
92007
904755
581773
921142
891612
554641
913330
515297
390258
473401
923716
921249
866739
925837
332352
928314
332277
633438
896229
448893
810821
859741
238105
845151
612852
925657
841121
747736
810442
936606
902654
926182
354522
845686
888496
713203
603575
166345
940160
470067
397870
906394
877720
943893
565073
843631
581444
319936
673138
948024
724985
922269
946084
426919
644741
605039
597237
952888
929697
878510
951184
876796
951759
898668
646689
760494
456177
735768
470794
766595
959762
633166
883773
891484
955891
927405
697421
850157
681488
963019
624730
953423
393703
346335
781096
956559
773415
731966
304143
963746
432171
971529
872879
800360
804310
392156
782432
883447
892493
831644
891702
493252
349776
608876
919337
781552
895584
178991
278212
923903
432355
605367
42794
526965
925810
858091
917819
654197
613137
761193
615991
879333
873660
796856
891466
924871
640687
802128
749832
894269
886627
933863
519481
409949
598117
899170
940481
897376
668631
496257
932933
929283
431716
411084
107842
661122
259419
944015
744565
833003
883064
406791
903658
201674
900816
751484
953684
793987
744672
945679
640376
840904
958101
467618
402007
323453
316807
688481
689681
961649
688860
917872
951625
689500
585297
379033
84110
968156
760341
409738
796126
765884
929358
797045
721961
262228
770206
836720
360140
494590
579731
629628
920605
630908
593941
647994
930303
155426
561767
874382
727305
929128
921880
827523
623108
711704
929713
742339
917304
896727
817606
945699
946855
799497
335526
687059
846295
803210
766501
689970
868274
625434
818832
953121
951462
717642
960026
963694
964575
726781
918884
526781
966263
455172
470712
893124
969303
965699
945053
959350
974514
601123
965822
946472
777273
583042
623023
897413
918584
797489
855196
917249
229961
924769
838650
806877
890945
927100
627712
793560
920782
468353
931958
926360
817318
871757
939577
903938
930805
623745
840444
948776
743854
893265
496251
794618
921430
955817
704260
655321
833559
950604
954504
669418
951919
932619
964613
690752
968571
967236
967949
797044
932930
682319
639271
672716
840054
99558
929258
100277
890470
445522
285641
884698
924423
807560
801754
930512
927431
908202
332632
631542
595343
808939
857701
862182
883924
549150
283299
926026
939466
726175
326122
413559
683471
941996
480479
954000
307220
923227
650343
660301
953170
160967
953572
963344
971585
972818
805305
300571
963763
967365
953891
943456
661996
232507
900406
806967
811717
867935
659898
928990
930037
929001
648135
475479
66990
703666
819852
815241
860780
466012
902227
730759
862543
822807
728692
946777
297843
950258
650822
670244
365921
709146
529708
826987
613131
489158
964217
971035
785467
734985
424020
224560
493639
777699
282738
856235
560687
386198
518465
877049
554931
606452
866532
734293
866155
487886
706544
475651
821284
675811
851160
227857
899682
256932
854910
843210
529289
872080
355963
918927
658944
289406
891332
895898
919406
910374
696358
865057
921493
904490
901149
878861
836020
882091
722535
749545
854281
898127
902902
896400
900691
901145
772614
918682
316162
768511
393830
837690
680545
825687
613365
659431
865792
479335
380507
915146
363337
764097
925658
631211
917211
861965
403010
869747
487991
823098
825522
611328
651431
917080
885649
835460
795646
766316
929383
623456
925026
464934
576402
762683
399308
472304
838826
930045
621793
913373
577244
819562
898172
853351
914936
913549
486150
407820
916512
795099
905995
825475
507857
926060
905474
930544
403285
783007
762165
451976
886139
919491
749515
701697
765440
873612
932573
910357
910364
801853
906195
701583
712076
641840
685583
882250
922351
866665
859444
719196
927504
877403
932146
666921
703074
453697
774024
930691
659832
379820
242457
927739
636908
586510
903001
902599
758522
887223
793093
928891
902633
896794
428683
809533
752472
709300
815390
403700
358992
324639
926146
765605
929353
927454
352549
826355
435847
908577
711024
709945
763081
294505
715920
299254
798356
673710
877838
744482
546395
669527
919895
608228
397816
829514
462498
818192
897515
811769
716818
929832
933807
554187
569775
822974
662226
547657
725360
206156
943596
455607
945694
746182
935765
879069
911106
924253
817636
733574
196694
276072
499417
945587
935456
847408
869524
889048
940731
353515
839691
628139
317411
682777
787927
927475
881519
900364
828290
808899
858071
637818
948410
944371
595090
703679
582813
274244
949490
305956
823260
229926
743788
825023
950133
471929
458790
627971
793246
619741
856183
591547
884533
930520
876173
950167
592312
808129
912675
710237
826412
686560
265806
523814
954045
930098
932467
818258
264938
807189
300859
444367
877779
785117
638263
944682
396896
700555
430947
944046
811139
909872
786369
884129
655435
956850
612473
830755
939320
933123
947777
491757
818568
90165
839003
160073
346602
944090
902160
920850
880771
824445
856383
960077
772790
950287
951823
879842
870506
160360
959393
682975
927990
556218
775904
647307
808310
914364
740442
916006
935541
238114
945785
664395
493114
775882
476180
964897
848193
924967
684106
594797
941813
454915
819530
94875
729721
399203
922365
697688
965047
841617
402065
819150
752195
946251
358392
467345
941401
972107
922803
124915
312499
956252
673353
744914
972597
424798
334971
896128
334582
561359
973223
774848
599078
261986
815902
685331
906251
666603
616612
302292
818517
719195
103394
819360
903600
916163
326838
642583
838920
526167
657244
702287
719302
922030
535131
918544
798189
691093
244951
694268
638907
795028
800330
545994
923048
439668
853068
785932
710967
833844
80140
732293
904844
461437
230117
896952
890859
918883
920353
624976
186869
301125
544191
767561
405553
916272
927069
613770
932158
336200
766632
894842
770898
919682
290391
901803
773915
768905
927767
346482
283680
928510
665156
742409
890820
781058
884400
829269
503517
860231
717174
378370
938564
920355
458438
927261
854079
758011
659890
258244
867117
465091
309961
459847
379579
505912
806265
922145
940244
625511
348123
713484
278263
829395
935233
933053
934824
272947
942699
912961
900666
873546
631738
914226
934069
944923
244298
943493
897103
715686
625214
947904
853517
849829
332566
932046
869819
760847
903346
818264
895591
311699
950775
802737
951942
380838
948190
913794
870288
854795
645108
848991
917410
952044
912798
702959
954948
855573
915094
356573
728625
856000
654580
951478
951976
957895
917222
406979
9144
835978
555281
802808
890318
853998
958105
828026
624316
895950
944305
554966
41156
681758
199745
965006
677156
379359
795993
970928
1910
818345
503043
870461
877429
956869
901475
611092
833846
969056
973124
842597
656559
896766
739848
390255
602774
883494
818335
677710
845187
863628
657711
747031
400137
918257
852375
582828
844434
501817
919799
923881
697402
811924
927527
861851
748036
300488
896386
688410
828252
367872
194068
931493
626679
390862
660317
390965
810641
512229
849352
915390
857027
603297
478883
758668
910911
831680
641437
916324
653585
696962
739375
937763
567292
938690
795781
77448
922982
927448
628461
934632
944049
425440
794830
846528
456602
944443
943046
865713
945157
363217
925308
741470
934633
575005
663747
950366
476104
886166
486467
946619
951898
734405
367760
951214
785495
813517
952949
329162
370211
938666
736739
690278
241120
908095
937915
779248
318972
124172
927611
640180
960039
488775
956448
709980
672737
950372
970697
890396
760719
962393
673920
813135
960464
723286
971460
952164
961443
724727
172851
292496
887059
791580
360417
745810
370063
547971
510392
897345
916296
908414
846800
816996
739626
879741
672650
909823
929969
576105
908945
672769
620677
641619
577814
460700
284127
756036
844436
936902
830068
380792
704972
872767
748121
945521
944858
937098
945507
860936
885593
937422
947556
420488
816466
938793
796410
592554
879397
913428
924933
734813
314628
437887
943130
951234
947410
859264
936695
695075
957328
547157
817459
649719
952611
306044
963725
898949
964927
798280
350733
950218
409587
719400
965596
969795
968090
966266
967916
972637
694848
864089
786757
420573
907664
920086
905125
917279
781512
473032
922315
862685
908955
838045
449564
921030
646053
400013
931406
811037
935686
553216
252654
865073
827804
712031
639269
936271
743144
940962
833134
948078
949382
948182
675892
615560
764494
947404
951174
166143
905703
899635
930905
940343
208809
947329
948682
950170
965869
43807
315843
962877
897289
488362
609016
596807
958660
941348
905133
631093
573440
477043
692717
912433
920337
734552
851356
883188
526061
809798
927755
897206
934228
713462
921067
286902
285451
741247
915861
883850
900152
904013
939607
564186
909504
649804
736714
751658
727499
740135
942637
944244
795591
424521
908261
189697
883993
958237
829806
717917
750595
605868
964167
960683
794478
370888
952455
287672
961055
876920
967385
914743
824246
945547
854263
808173
573895
178880
91676
788579
623373
918685
742544
898129
924997
837897
927872
927780
828754
675371
931851
315313
815024
941683
934900
942387
947163
374434
756079
936745
862211
842035
839525
595795
953287
953953
925985
830526
875217
819347
305611
477294
935762
904587
781750
461931
819623
968361
965816
970762
619785
974765
569862
631922
282539
861582
404833
891758
639745
927231
923961
869185
331808
934960
627631
935665
833794
786550
817915
466745
836937
835836
598961
871884
954614
959678
960278
735629
756856
965108
963602
953288
337362
974252
487280
894173
863940
873890
758814
888475
244189
796360
331127
887575
889671
600218
917964
401576
889220
905038
284259
788799
920022
858502
673347
754105
909925
892774
451644
813343
673781
896560
815888
536331
390710
675088
657842
891347
907117
621609
858545
218812
841201
763263
895254
864985
851782
916492
886037
818981
904174
910824
895112
817838
920097
826451
347560
805661
459442
851124
482755
665110
813254
835448
881867
466217
881677
857830
919686
723310
416244
817559
898375
290839
758640
825645
690320
661314
847156
710263
282421
152581
829180
899471
882589
560089
429014
903806
928267
839318
900579
832415
900291
909749
911738
748365
924302
794586
821884
759723
900654
847676
863784
874021
625328
808808
838133
197572
892961
706229
593584
910204
651593
458934
660170
741144
844791
888144
881633
898524
542981
681387
885143
881550
633895
858086
838682
673434
844901
881714
721907
933188
505656
796975
505260
771118
840453
786173
764743
674546
884574
602412
527218
573803
807934
712435
808221
934400
793441
931758
868582
742961
220530
882062
771720
552094
715223
858188
884831
930075
322548
812989
345994
468949
938565
419144
638094
898045
936315
267843
588532
766551
774273
915919
545530
385383
269958
683028
729401
451760
194879
457235
883595
851954
891833
942988
936796
796313
828767
546337
935913
868792
794655
430351
161167
903874
320295
917002
740022
846540
922620
347858
879048
76666
668106
942091
549013
663241
770428
726666
802182
791456
514411
821401
592538
314838
813396
852912
556064
797993
875523
642705
71046
684756
655207
865302
917901
581343
826136
587231
846893
707050
308678
904187
818663
839086
186449
405114
905349
739488
832208
669464
735676
910016
883050
952517
880578
429363
952087
913310
388115
791072
939183
936201
620956
734027
638152
860554
952268
810920
885385
274797
274892
922934
892543
923623
918864
407575
806965
937234
749373
741848
795780
715683
879317
895927
624044
152356
671825
882267
488022
843423
875208
954305
84450
957426
401490
656202
657544
958849
622048
861865
938150
911324
795602
804211
608774
907510
434761
435855
272040
510708
897764
888072
882981
961017
865706
939795
687624
908690
894713
914754
613321
959577
931479
666186
936776
938621
252042
474957
723380
963004
943731
582763
946712
916755
644844
175727
923747
842236
629069
944031
910906
242125
946626
921755
961410
481601
963674
810132
962103
825126
826313
873755
495439
431851
665162
242276
553828
931496
944321
944509
782589
888409
407784
111495
308705
458226
965184
896226
737988
235172
701097
951057
954709
885342
958087
653100
258808
872383
975237
637380
720579
662551
736122
690342
850287
853196
835345
209340
872452
918673
735556
588807
340581
827184
457190
878105
405257
786232
875889
430736
301625
526764
457228
662982
819760
922914
715842
644274
910832
703165
856497
175699
865179
900189
826068
893779
642258
832387
894834
858913
913315
742890
928662
879650
797862
740904
629033
378604
875373
857069
583051
915951
788715
884797
345877
893366
617229
316047
899839
441710
301863
94253
917976
917895
680361
915709
527290
829725
191509
880748
833185
599915
336347
648640
683924
398266
572024
895098
684908
833955
429864
254537
942344
940774
791516
773938
194763
907775
668316
413939
939290
353478
326071
327755
753641
834171
297277
938324
302778
830273
867536
789754
879768
741326
646845
754824
383661
878478
943096
757916
867379
950966
542086
599514
904432
805786
830848
910677
277087
733502
4660
683042
815747
842707
268384
854062
957940
945556
882308
937776
459350
833059
439277
869894
360474
949250
933591
277753
560733
240726
835310
382301
955835
113669
869594
925111
956442
963750
934044
699740
920627
966804
671055
854509
967469
784254
840692
824518
714727
953934
928921
963217
381653
285589
690950
726219
720503
913024
637826
859220
965207
956292
941964
768498
624929
637784
914634
869062
717396
256562
548706
659923
692668
739862
562903
781933
367445
705425
350636
573478
895721
858589
879086
665745
863076
877785
884458
590895
185970
890121
719676
525865
928307
680135
871866
646472
830797
847597
406497
364287
887093
691052
929608
852260
931893
836223
633539
925233
841616
894055
721939
677323
659725
311495
812261
614356
877385
911305
936402
327619
869070
336923
920214
802303
902531
940238
262514
737782
383146
629484
932339
845302
798852
927733
292084
488882
617196
936038
525619
889834
941845
380739
942878
763596
809037
898334
656228
930328
923890
905890
944381
952954
945621
281509
949341
853030
955353
909778
426859
737972
775402
950115
721943
710927
567030
930088
803021
942902
322937
666078
850272
941827
755493
603983
951861
944670
344574
928022
826847
956069
782318
572262
592796
825895
942473
657129
151466
871910
827566
653682
962638
911453
961061
906655
733981
701572
687408
953944
928651
473584
487140
928415
962089
672394
666789
398435
914947
877265
914459
649924
916379
889488
694673
270322
765334
725952
892446
779849
908448
870991
184981
851447
904442
889975
836820
920386
922555
887087
505289
333413
896631
934662
857466
347307
930781
568591
935795
923687
667788
930093
916311
636327
718098
770270
648518
130103
896894
905284
583802
916732
932802
355494
750987
746976
854009
944646
742335
773008
867311
832462
861605
946913
806465
592440
949440
946351
939042
427394
440456
926132
950901
600051
958202
876443
660621
458307
945758
662529
77133
277125
614781
875763
723761
969046
253456
972535
973097
721667
872025
629301
806594
734150
808717
734480
884552
776387
811252
183630
741952
924555
866664
821466
758892
878173
426795
928530
644449
658680
867791
933176
887805
721998
903883
333339
687993
849797
440437
881944
928573
676452
812431
933190
903822
584673
401943
471075
622177
953110
950554
891780
907284
939238
962115
794211
429298
317665
960553
370997
782803
852378
402522
951506
775011
958255
829553
960943
321657
973058
957101
297871
881814
805317
892528
916848
686800
672656
908984
899847
881204
80701
919581
817578
927959
836206
609425
872128
678460
472452
931268
935080
660035
690155
426586
893137
832854
651242
854522
943554
953166
953258
878273
740272
962360
963514
608097
317480
965028
297421
963264
970328
965256
824216
845655
458835
854332
854590
846864
750253
757790
924768
768574
261103
631303
930349
908749
873427
567724
940818
944757
433081
926046
403927
643099
919502
884540
941439
953854
550307
958062
960637
461389
581563
877146
867215
331250
915842
918024
685814
618332
364355
378447
923551
922549
843569
276135
926755
915767
772945
849679
913475
860801
359925
813855
187361
934946
945292
728766
955115
956890
904738
849726
878371
963494
309043
832968
747319
972216
649017
931123
973087
858635
130627
716167
761118
414303
435931
340403
624017
885311
840030
655225
885187
548440
902897
643442
877869
674666
272537
898090
585247
204999
877123
741873
92566
676751
845149
913957
901864
405714
634665
742486
743453
814035
880531
476614
905013
871858
371548
862336
30775
791837
278647
402022
891884
828781
809665
597788
581539
669626
335328
881860
847005
795045
352764
627395
844851
914681
855459
527061
698021
847130
849720
920977
888992
824520
844855
911969
702756
682668
389845
884324
494154
396506
585563
852305
820058
818189
159640
484047
393263
159523
661261
835544
528795
867893
700620
782906
475540
668796
734809
560249
929943
841436
918610
729416
753113
905663
567960
498042
913352
817458
747077
873354
675549
559483
904367
666871
351711
473583
469855
886648
804045
760385
797219
882778
169351
742926
930983
910928
908688
862048
451852
504817
916332
183602
471227
911616
914561
578600
934224
291049
735719
326634
865160
836978
938958
938493
682440
732551
837485
705471
672975
922649
905501
766200
887968
428294
329436
832395
867347
159292
914806
426331
935778
665852
416539
848644
535269
614281
810032
821680
927502
854486
845174
772567
385403
934576
904154
710080
872313
572878
944272
872738
859065
474359
768288
613400
778415
770795
942940
467248
773270
911812
917122
448540
922657
945100
930575
785959
869026
946358
916022
432599
680548
535186
658538
847602
925793
945644
808386
941931
632495
471364
814101
933232
772907
669649
859508
626399
889087
924698
623012
803965
240504
395680
928483
590796
402945
951876
949151
946065
921952
950006
432489
949805
172186
834648
944578
925556
940681
683769
943035
261384
953638
923114
640682
738016
944931
946683
724290
281865
428439
957687
781540
670336
633897
952494
642752
913479
655415
867177
902431
876454
800558
795941
947131
609249
804416
959633
960431
912552
880209
926327
925570
409458
845511
786790
374037
913502
915159
364194
842193
451170
962935
783487
832661
923892
613366
941934
256995
438856
723737
452112
962619
704468
179955
949167
826794
903613
956212
942532
425330
953586
613851
765737
897253
964976
954345
941121
582357
660556
930033
685041
909364
626524
791446
134179
687508
949769
970922
684803
601085
969305
477765
721396
965656
972442
334904
968462
932036
592054
623786
930944
623655
872447
924036
182932
954726
948195
625972
880859
673019
782003
867720
442488
901622
677576
815190
801177
797054
852099
772713
917141
899262
809192
724971
796386
918606
915046
848677
923847
274905
510943
905604
923644
783044
686902
406220
572124
874593
319214
903709
626809
734924
221889
903228
680266
258060
816834
819845
926900
920207
822014
412396
578610
916616
244206
675479
804644
493306
896621
471798
687505
781968
871160
882555
641624
924659
833896
887899
931292
694127
880064
459899
927814
880151
932938
775480
893792
691199
647821
723831
888543
917712
907062
246275
903567
571204
940947
552959
831047
276530
870449
814547
908647
794938
594209
928387
945135
859251
659579
784047
794516
770623
675001
620331
81096
927185
744285
683350
891988
578413
701153
902712
470664
824276
794426
712180
937295
368747
707742
910789
609750
767549
276540
640540
953419
952979
751732
897460
952994
944240
573697
624981
935570
870840
781445
275806
951461
173353
615484
822548
625677
960846
881593
412876
753199
933929
954349
600349
962310
902373
789532
945982
464441
447496
966584
609370
776839
805640
935361
964947
958260
469719
960657
331604
949285
969751
958302
107284
473428
784743
338507
962445
337824
970334
830738
386394
570276
956523
870669
903019
851767
646985
919102
594486
881832
561291
717315
478478
585642
692636
572572
823449
918612
84927
890973
914402
911189
915814
872633
633326
653115
894070
875121
873630
774360
848236
596092
173537
816102
638215
882466
610054
893253
921427
928333
634123
784545
930550
497814
923625
698201
661499
750817
671078
316509
376050
815387
476641
484465
772637
304158
795044
896257
933902
760209
864553
768381
350587
821491
403050
795165
686284
945485
934289
893043
747497
694215
856934
423847
704104
935862
743090
178178
561407
946992
496278
804978
813538
907881
404576
944169
773137
950248
384526
450907
347283
677384
935884
934408
921560
784156
888169
483998
954937
767065
299229
758107
616764
389088
942492
851453
952400
960753
791059
791434
909388
927679
959514
170994
871438
274494
938283
822132
330195
635828
966159
854809
813803
927575
294709
959758
259180
928793
942047
601736
966898
962131
940989
792939
958520
728783
971693
787344
821714
391464
966754
187335
559474
875016
920125
798238
662714
905157
886328
689490
917051
718070
922192
437975
900786
341629
889249
290245
240900
923306
471414
606423
767093
734370
739197
684650
734702
925207
913386
805452
666420
342955
665088
887409
815882
489948
736281
937101
868331
480284
479865
588822
862923
920803
499432
194357
373419
583190
937170
441580
176381
439866
274309
934367
584609
850332
865371
948450
728410
874838
426926
662870
744702
351995
245460
962958
934079
708969
478067
814207
954830
967225
586219
969617
469461
950843
82493
968350
317291
30011
864658
620887
87762
913517
812926
743019
281341
594492
641816
913277
645799
752674
911703
848142
839022
856645
937496
745834
751221
875546
931405
937110
651334
868535
646553
862620
930299
759294
428483
858381
452780
945377
947934
158346
948247
848955
955490
955211
938897
855084
956780
808552
326445
965766
920424
959629
944579
967800
429841
815711
499982
962733
617163
958547
848199
831321
969112
712569
888184
289581
855481
672066
894958
871322
922468
924151
756085
716700
929732
918414
330602
372782
927629
794269
725604
896381
688868
922771
752424
670830
939214
935394
669186
889578
467403
346344
303927
939803
893636
316154
950302
903979
637691
710212
952496
936414
946247
196423
692128
687486
962579
965041
632158
898248
642356
845661
939137
474647
970549
951810
848082
384776
591033
216337
881241
463732
706888
657093
769769
923976
228236
246977
817010
770992
821833
918350
906481
891652
914169
400837
928638
657510
897428
463581
664755
938355
932157
919495
869012
841773
946628
679785
955109
956835
947262
946986
890087
761737
967271
943453
964483
349267
967435
934350
827675
936408
973086
975650
918480
668974
828154
920665
904651
711290
632237
893518
886514
870990
647685
912853
913933
591571
709290
424139
931065
426447
450310
689379
941900
891682
950858
940485
803669
895464
961796
64908
920445
957571
970059
327552
633152
975639