885825
602727
907998
932236
922403
937031
918297
908981
935758
942262
935240
685987
521164
672080
977672
642813
320283
913639
925372
811428
933057
900656
940431
775218
957102
716420
686368
536752
931714
388260
952392
946445
928763
870601
967203
896839
108958
701128
849392
924581
924924
409756
954974
939327
938218
957420
946848
918573
486330
942975
973309
925752
774654
882018
926676
584750
930177
943837
921540
858573
907322
911152
854485
341035
761909
948904
784250
419225
909331
962054
852391
907968
722344
934194
934779
843059
188129
942328
963759
933717
915102
920685
906549
935328
846362
773325
955059
965847
965651
800516
680361
906004
893479
932904
651593
930825
934945
773767
930088
474957
957846
821187
772176
702905
891780
930075
930434
886037
653100
710142
700782
427165
964004
926875
916368
927627
896560
715999
758225
333488
830797
930421
955771
961410
356163
962599
955866
920905
513956
878105
822945
904237
666592
937408
906954
875523
811023
899405
618734
957426
929848
742335
959713
669433
919511
910319
291090
643119
916911
722183
482821
906886
902757
860662
935217
370976
702204
906466
689761
347560
941699
944149
956176
972643
941135
929837
944224
952517
790967
492283
707286
912931
908955
623456
459847
768905
665242
937049
671776
921030
931070
931851
900152
405633
809964
886139
957434
960709
949490
399203
931514
963388
761834
944168
963858
896128
930070
749515
160360
872080
941918
357704
944844
453488
665355
922145
722528
972221
908173
849352
446962
716102
813517
901054
958804
584712
960683
825023
727110
903220
924124
912433
883188
770058
916578
936701
935233
947567
951976
865492
949382
954614
396752
925583
943596
815875
770947
923595
507857
917217
403700
669927
310497
933048
634871
873852
925962
968260
922982
928572
882987
385162
865852
873108
922183
301112
920408
920696
913790
930079
698418
867218
941139
944944
950906
880690
936365
962969
957158
960704
959762
920883
824680
837281
927420
725241
271203
935283
866628
945620
955461
399263
954000
961780
960968
462978
934316
965828
968055
950370
964553
892069
910823
915663
846916
390681
710788
935567
942772
895026
286420
972447
743854
904680
929128
640550
820932
644741
948069
947227
944665
954708
650822
930081
935576
132991
818543
904729
890316
665586
823198
885070
952078
931118
926589
969741
658977
919962
685390
950949
902375
527813
910539
906801
924267
926209
736623
632262
856471
891110
922277
835985
416664
963422
661996
903155
921889
621270
922567
927460
853387
369530
868889
907495
525916
901094
960000
296653
851209
844879
931716
889295
933450
671503
883247
966708
854158
499320
747866
946477
586177
277712
850334
677893
805574
831669
291479
395645
907111
899202
933444
424803
897728
945783
878210
870090
833591
792944
947439
700549
786631
849477
696537
892803
547556
485807
257104
638173
928155
942796
951168
926514
925566
967740
867314
921186
927618
308565
927855
893152
639809
873375
105599
920200
832203
926135
721850
900669
937265
794128
926557
889580
915550
824083
898120
935350
936886
534603
924288
912211
904886
786901
817713
956525
457208
478163
924307
917807
882702
882147
498373
771713
917408
925160
890350
887325
404135
922410
908559
905917
827418
936087
414734
946832
498132
957946
957081
861468
306135
935560
758167
920485
920300
862337
932338
893687
797466
934249
720542
945832
644520
922156
285875
975338
920790
746207
727359
584896
940556
868107
934419
952334
294450
973051
473136
911327
933067
782603
306787
780718
680573
943546
935715
962313
888556
922063
764165
567781
878146
692140
953808
869063
924322
880919
719299
561240
956838
590212
933036
725570
673019
116828
893746
927519
905232
948055
900650
906327
703999
957706
964472
554202
830586
286138
933828
934524
932796
845174
937370
944920
819819
624017
899688
966763
872633
827792
721163
646453
882412
723950
938693
950343
372747
967798
344086
734447
449919
510049
896361
904468
880209
947934
945377
954278
964483
432489
911913
562857
913075
897428
880859
932417
686129
961161
966754
350587
923342
935663
721785
946399
877123
470627
856230
637348
931148
159292
943035
915159
950006
921885
820058
945456
937891
572815
422550
614144
921633
907354
896470
934757
731319
933117
847632
942000
865872
823699
972952
974756
732248
246683
890741
910840
921353
836924
727517
942580
885146
829231
967006
911586
927784
924118
788047
945170
155732
521259
792851
969211
789091
960321
975387
862772
920258
870447
864979
796868
876074
865409
946640
810571
877249
720400
905944
926546
565754
825294
826801
919355
873225
873587
308427
930661
841319
695163
305142
949267
902315
466974
398204
932797
928583
649414
822111
951029
967373
921460
925187
555841
52757
907472
781867
790179
558339
900667