275465
923944
908101
865100
665915
891323
688111
596281
865275
951025
956986
964344
949337
918981
918641
867761
572999
445986
884501
944888
644737
939718
869150
939898
935717
948184
906383
952270
839683
962321
395515
903137
924740
833893
947843
876809
766721
920042
942831
943624
961833
555009
925457
850071
924260
927556
889956
452161
915460
890300
856764
910752
534498
821005
878650
662965
934302
507422
695045
321877
974828
900583
827578
873797
915750
580563
869923
946345
948681
485288
795401
407453
857816
974044
390323
783770
883184
871984
931126
895608
935250
942896
757088
939269
833595
966103
971268
345706
565885
719032
930545
643212
948098
551351
784443
285428
798377
115471
883547
890096
891977
904214
905347
937813
927447
880224
959375
677617
924448
481089
896279
925717
927642
480918
709586
944345
115957
944547
963276
937829
266803
918464
697411
692020
923180
691356
947962
876361
407179
819966
683216
635399
927916
857471
913003
326256
706626
918507
950224
632635
400082
845927
896520
662685
936679
952015
955233
972528
704311
921916
960153
522487
925872
877814
330779
664312
959664
924867
907415
763728
410764
661216
750224
922248
948016
952428
974994
882267
922898
881311
927562
490655
911284
936038
840065
832984
563504
493945
668643
932339
927088
941270
889504
266608
791456
817838
175727
817865
837412
450844
618332
885385
812472
909173
930068
856991
897764
709882
941715
923265
940080
947816
927733
947706
812411
913134
930093
918167
427127
616243
935913
488022
787351
667050
949499
757569
862236
889528
965207
936214
364287
674118
913024
869755
622066
963243
956116
968694
956150
901312
858913
888409
945292
927959
925111
907659
961520
947833
866820
631978
819533
921375
927456
892186
904174
918864
847777
896380
969668
775402
894173
836223
548413
939534
939238
963004
962979
887456
930110
709170
873936
867319
853030
973882
918953
920513
413717
832294
908222
937258
936205
745834
914136
564537
861100
932415
951960
957902
955490
426926
689490
874450
833588
950475
924491
907229
973587
865160
682998
374488
845632
792725
925176
907467
936043
937039
673439
856566
779466
941284
922473
804168
962362
927690
959629
921536
296244
934726
804416
804383
493550
968181
968531
972944
973597
924865
919656
844706
321146
948183
921952
959406
627644
779171
426331
785959
695293
827260
862631
724290
962733
927388
861753
904770
626448
934576
899767
928387
945485
201967
954318
893598
656005
902740
852305
19712
796920
935776
30775
872447
659471
970875
970559
380192
288149
821370
885178
923288
935287
937286
935317
955250
549656
959217
814061
708943
947830
961100
803144
778065
784011
829006
935949
593189
608222
734707
939788
666872
289146
950465
876135
924220
478059
341771
475932
934130
695112
945638
811334
876467
943849
917276
729462
482627
907479
352137
919820
768306
924684
942105
844584
738385
962221
51248
928727
917232
936107
695911
930103
957502
960032
912482
903966
657348
926510
111401
945741
571656
549466
959128
919105
895810
309860
451314
937136
864453
874824
83686
937773
938838
954610
958955
744343
537746
841988
612757
937156
745601
430728
459169
937779
758022
946332
558959
957272
953450
963302
452885
964252
968033
402118
795519
444336
922217
933152
929595
939869
945771
445614
136028
952145
934744
887680
448525
889775
821414
268414
866962
945584
885853
921276
927860
874206
941879
319992
889228
893815
872412
639621
934797
385278
953946
922636
946346
975912
863111
934608
949813
761898
878109
958907
660098
909654
944293
822998
912078
921810
919946
889320
727727
948902
948789
930308
950755
567484
208832
951384
361304
957519
931525
647413
764959
920792
912166
484758
881892
867629
860452
837859
918983
646484
945641
311415
949334
956241
918463
920940
585312
930613
813385
945446
963181
913433
853226
886453
668631
630470
928990
930836
936781
900727
946489
942488
951644
729473
208096
971811
581444
708585
759265
575950
910410
881872
932930
758928
952888
963910
953170
946095
927776
976275
287294
880878
792206
890735
872442
902958
432355
894530
728236
325963
922993
623527
961238
968000
391888
953572
918351
865749
836996
897381
374422
940483
971680
920776
930164
931939
940397
864970
952879
929271
925942
793154
724406
959735
418058
967989
313427
969117
968169
963582
761025
629338
863719
950092
953874
790940
953380
910037
818389
920896
932933
317412
954858
776731
813296
898511
896957
948062
105791
968062
947956
919118
922030
929219
448813
586859
458375
797951
940582
913714
469311
963070
745292
857474
599328
604175
927803
930074
971280
970571
434454
496802
924274
925275
835674
935545
264800
869106
583389
206156
943647
685445
973303
921899
924434
920000
697039
914849
703679
923503
896794
933773
930098
743788
465091
935690
910041
386807
931477
888433
797448
608895
952564
934632
969795
775474
780143
968058
758477
945694
948410
716619
954832
953633
551262
953073
865990
934633
669448
800492
283680
717186
879842
895950
573881
195183
584557
586510
846869
861965
837092